[gd_scene load_steps=4 format=3 uid="uid://b704g34v33mx5"]

[sub_resource type="CylinderShape3D" id="CylinderShape3D_e1yvt"]
height = 0.42
radius = 0.595

[sub_resource type="CylinderMesh" id="CylinderMesh_t2jmu"]
height = 0.02

[sub_resource type="BoxShape3D" id="BoxShape3D_e1yvt"]
size = Vector3(0.1521, 1.06738, 0.212646)

[node name="Target Point" type="Node3D"]

[node name="Pivot" type="Node3D" parent="."]

[node name="Target" type="RigidBody3D" parent="Pivot" groups=["Pickable"]]
transform = Transform3D(1, 0, 0, 0, 1, 0, 0, 0, 1, 0, 0.5, 0)

[node name="CollisionShape3D" type="CollisionShape3D" parent="Pivot/Target"]
transform = Transform3D(1, 0, 0, 0, -4.37114e-08, -1, 0, 1, -4.37114e-08, 0, 0, 0)
shape = SubResource("CylinderShape3D_e1yvt")

[node name="MeshInstance3D" type="MeshInstance3D" parent="Pivot/Target"]
transform = Transform3D(-0.00873755, -0.0181787, 0.999797, -0.999108, 0.0414653, -0.0079776, -0.0413118, -0.998975, -0.0185248, 0, 0, 0)
mesh = SubResource("CylinderMesh_t2jmu")

[node name="CollisionShape3D2" type="CollisionShape3D" parent="Pivot/Target"]
transform = Transform3D(0.934211, -0.356722, 0, 0.356722, 0.934211, 0, 0, 0, 1, 0.468326, -0.918457, -0.0717115)
shape = SubResource("BoxShape3D_e1yvt")

[node name="CollisionShape3D4" type="CollisionShape3D" parent="Pivot/Target"]
transform = Transform3D(0.959657, 0.0361729, 0.278835, -0.208652, 0.756358, 0.619989, -0.188472, -0.653157, 0.733392, 0.0839362, -0.918457, 0.438014)
shape = SubResource("BoxShape3D_e1yvt")

[node name="CollisionShape3D3" type="CollisionShape3D" parent="Pivot/Target"]
transform = Transform3D(0.928583, 0.371125, 0, -0.371125, 0.928583, 0, 0, 0, 1, -0.433777, -0.918457, -0.0717115)
shape = SubResource("BoxShape3D_e1yvt")
